#region License Information
/* HeuristicLab
 * Copyright (C) 2002-2012 Heuristic and Evolutionary Algorithms Laboratory (HEAL)
 *
 * This file is part of HeuristicLab.
 *
 * HeuristicLab is free software: you can redistribute it and/or modify
 * it under the terms of the GNU General Public License as published by
 * the Free Software Foundation, either version 3 of the License, or
 * (at your option) any later version.
 *
 * HeuristicLab is distributed in the hope that it will be useful,
 * but WITHOUT ANY WARRANTY; without even the implied warranty of
 * MERCHANTABILITY or FITNESS FOR A PARTICULAR PURPOSE.  See the
 * GNU General Public License for more details.
 *
 * You should have received a copy of the GNU General Public License
 * along with HeuristicLab. If not, see <http://www.gnu.org/licenses/>.
 */
#endregion

using System.Linq;
using HeuristicLab.Algorithms.DataAnalysis;
using Microsoft.VisualStudio.TestTools.UnitTesting;

namespace HeuristicLab.Algorithms.DataAnalysis_34.Tests {
  [TestClass]

  // reference values calculated with Rasmussen's GPML MATLAB package
  public class GaussianProcessFunctionsTest {
    [TestMethod]
    public void MeanConstTest() {
      TestMeanFunction(new MeanConst(), 0,
        new double[] { 0, 0, 0, 0, 0, 0, 0, 0, 0, 0 },
        new double[][] { new double[] { 1, 1, 1, 1, 1, 1, 1, 1, 1, 1 } }
      );
      TestMeanFunction(new MeanConst(), 1,
        new double[] { 1, 1, 1, 1, 1, 1, 1, 1, 1, 1 },
        new double[][] { new double[] { 1, 1, 1, 1, 1, 1, 1, 1, 1, 1 } }
      );
    }

    [TestMethod]
    public void MeanZeroTest() {
      TestMeanFunction(new MeanZero(), 0,
        new double[] { 0, 0, 0, 0, 0, 0, 0, 0, 0, 0 },
        new double[][] { new double[] { 0, 0, 0, 0, 0, 0, 0, 0, 0, 0 } }
      );
      TestMeanFunction(new MeanZero(), 1,
        new double[] { 0, 0, 0, 0, 0, 0, 0, 0, 0, 0 },
        new double[][] { new double[] { 0, 0, 0, 0, 0, 0, 0, 0, 0, 0 } }
      );
    }

    [TestMethod]
    public void MeanSumTest() {
      var sum = new MeanSum();
      sum.Terms.Add(new MeanConst());
      sum.Terms.Add(new MeanConst());
      TestMeanFunction(sum, 0,
        new double[] { 0, 0, 0, 0, 0, 0, 0, 0, 0, 0 },
        new double[][]
          {
            new double[] { 1, 1, 1, 1, 1, 1, 1, 1, 1, 1 },
            new double[] { 1, 1, 1, 1, 1, 1, 1, 1, 1, 1 }
          }
      );
      TestMeanFunction(sum, 1,
        new double[] { 2, 2, 2, 2, 2, 2, 2, 2, 2, 2 },
        new double[][]
          {
            new double[] { 1, 1, 1, 1, 1, 1, 1, 1, 1, 1 },
            new double[] { 1, 1, 1, 1, 1, 1, 1, 1, 1, 1 }
          }
      );
    }
    [TestMethod]
    public void MeanProdTest() {
      var prod = new MeanProd();
      prod.Factors.Add(new MeanConst());
      prod.Factors.Add(new MeanConst());
      TestMeanFunction(prod, 0,
        new double[] { 0, 0, 0, 0, 0, 0, 0, 0, 0, 0 },
        new double[][]
          {
            new double[] { 0, 0, 0, 0, 0, 0, 0, 0, 0, 0 },
            new double[] { 0, 0, 0, 0, 0, 0, 0, 0, 0, 0 }
          }
      );
      TestMeanFunction(prod, 1,
        new double[] { 1, 1, 1, 1, 1, 1, 1, 1, 1, 1 },
        new double[][]
          {
            new double[] { 1, 1, 1, 1, 1, 1, 1, 1, 1, 1 },
            new double[] { 1, 1, 1, 1, 1, 1, 1, 1, 1, 1 }
          }
      );

      prod.Factors.Clear();
      prod.Factors.Add(new MeanZero());
      prod.Factors.Add(new MeanLinear());
      TestMeanFunction(prod, 0,
        new double[] { 0, 0, 0, 0, 0, 0, 0, 0, 0, 0 },
        new double[][]
          {
            new double[] { 0, 0, 0, 0, 0, 0, 0, 0, 0, 0 },
            new double[] { 0, 0, 0, 0, 0, 0, 0, 0, 0, 0 },
            new double[] { 0, 0, 0, 0, 0, 0, 0, 0, 0, 0 },
            new double[] { 0, 0, 0, 0, 0, 0, 0, 0, 0, 0 },
            new double[] { 0, 0, 0, 0, 0, 0, 0, 0, 0, 0 }
          }
      );
      TestMeanFunction(prod, 1,
        new double[] { 0, 0, 0, 0, 0, 0, 0, 0, 0, 0 },
        new double[][]
          {
            new double[] { 0, 0, 0, 0, 0, 0, 0, 0, 0, 0 },
            new double[] { 0, 0, 0, 0, 0, 0, 0, 0, 0, 0 },
            new double[] { 0, 0, 0, 0, 0, 0, 0, 0, 0, 0 },
            new double[] { 0, 0, 0, 0, 0, 0, 0, 0, 0, 0 },
            new double[] { 0, 0, 0, 0, 0, 0, 0, 0, 0, 0 }
          }
      );

      prod.Factors.Clear();
      prod.Factors.Add(new MeanConst());
      prod.Factors.Add(new MeanLinear());
      TestMeanFunction(prod, 1,
  new double[] { 1.843574580675791, 2.127929337522181, 3.116568910281474, 1.688566127130978, 3.250517738447450, 2.961262743634280, 2.326019412613392, 1.729286976436201, 1.769654419215176, 2.398170347588917 },
  new double[][]
                {
                  new double[] { 2.9088,    1.8646,    3.1971,    1.9890,    1.7640,    1.2801,    2.8059,    3.7243,    3.1899    ,1.4978 },
                  new double[] { 0.4173,    0.0497,    0.9027,    0.9448,    0.4909,    0.4893,    0.3377,    0.9001,    0.3692    ,0.1112 },
                  new double[] { 0.7803,    0.3897,    0.2417,    0.4039,    0.0965,    0.1320,    0.9421,    0.9561,    0.5752    ,0.0598 },
                  new double[] { 0.2348,    0.3532,    0.8212,    0.0154,    0.0430,    0.1690,    0.6491,    0.7317,    0.6477    ,0.4509 },
                  new double[] { 0.5470,    0.2963,    0.7447,    0.1890,    0.6868,    0.1835,    0.3685,    0.6256,    0.7802    ,0.0811 },
                  new double[] { 0.9294,    0.7757,    0.4868,    0.4359,    0.4468,    0.3063,    0.5085,    0.5108,    0.8176    ,0.7948 }
                }
);
    }

    [TestMethod]
    public void MeanLinear() {
      TestMeanFunction(new MeanLinear(), 0,
        new double[] { 0, 0, 0, 0, 0, 0, 0, 0, 0, 0 },
        new double[][]
          {
            new double[] { 0.4173, 0.0497, 0.9027, 0.9448, 0.4909, 0.4893, 0.3377, 0.9001, 0.3692, 0.1112 },
            new double[] { 0.7803, 0.3897, 0.2417, 0.4039, 0.0965, 0.1320, 0.9421, 0.9561, 0.5752, 0.0598 },
            new double[] { 0.2348, 0.3532, 0.8212, 0.0154, 0.0430, 0.1690, 0.6491, 0.7317, 0.6477, 0.4509 },
            new double[] { 0.5470, 0.2963, 0.7447, 0.1890, 0.6868, 0.1835, 0.3685, 0.6256, 0.7802, 0.0811 },
            new double[] { 0.9294, 0.7757, 0.4868, 0.4359, 0.4468, 0.3063, 0.5085, 0.5108, 0.8176, 0.7948 }
          }
      );
      TestMeanFunction(new MeanLinear(), 1,
        new double[] { 1.8436, 2.1279, 3.1166, 1.6886, 3.2505, 2.9613, 2.3260, 1.7293, 1.7697, 2.3982 },
        new double[][]
          {
            new double[] { 0.4173, 0.0497, 0.9027, 0.9448, 0.4909, 0.4893, 0.3377, 0.9001, 0.3692, 0.1112 },
            new double[] { 0.7803, 0.3897, 0.2417, 0.4039, 0.0965, 0.1320, 0.9421, 0.9561, 0.5752, 0.0598 },
            new double[] { 0.2348, 0.3532, 0.8212, 0.0154, 0.0430, 0.1690, 0.6491, 0.7317, 0.6477, 0.4509 },
            new double[] { 0.5470, 0.2963, 0.7447, 0.1890, 0.6868, 0.1835, 0.3685, 0.6256, 0.7802, 0.0811 },
            new double[] { 0.9294, 0.7757, 0.4868, 0.4359, 0.4468, 0.3063, 0.5085, 0.5108, 0.8176, 0.7948 }
          }
      );
    }

    [TestMethod]
    public void CovSeIsoTest() {
      TestCovarianceFunction(new CovarianceSEiso(), 0,
        new double[,]
          {
{    0.5771,    0.5404,    0.8569,    0.5612,    0.7545,    0.4980,    0.6649,    0.7484,    0.6564,    0.8184},
{    0.6206,    0.7027,    0.7091,    0.6015,    0.7295,    0.5338,    0.6705,    0.8202,    0.7155,    0.8029},
{    0.7743,    0.7513,    0.8468,    0.6865,    0.5645,    0.7861,    0.8404,    0.6625,    0.7555,    0.8335},
{    0.7773,    0.5513,    0.7792,    0.7166,    0.4534,    0.5870,    0.8913,    0.8796,    0.8656,    0.8245},
{    0.8839,    0.5934,    0.7689,    0.8982,    0.4126,    0.4741,    0.7883,    0.9201,    0.9077,    0.8649},
{    0.8746,    0.7341,    0.7020,    0.8323,    0.4826,    0.5922,    0.8706,    0.9508,    0.9524,    0.8660},
{    0.6133,    0.7560,    0.7280,    0.5749,    0.8722,    0.5651,    0.6530,    0.6260,    0.6633,    0.8195},
{    0.6113,    0.6277,    0.8110,    0.5489,    0.7110,    0.6221,    0.6948,    0.5425,    0.6227,    0.7828},
{    0.6394,    0.6950,    0.8669,    0.6107,    0.7933,    0.5985,    0.6823,    0.6858,    0.6702,    0.8492},
{    0.5790,    0.7156,    0.6274,    0.5324,    0.6323,    0.6100,    0.6863,    0.8091,    0.6855,    0.7173},
          },
        new double[][,]
          {
            new double[,] {
{         0,    0.3197,    0.6358,    0.5518,    0.5207,    0.5909,    0.3361,    0.4897,    0.2447,    0.5720},
{    0.3197,         0,    0.6697,    0.6190,    0.4635,    0.4047,    0.4190,    0.6899,    0.3650,    0.1552},
{    0.6358,    0.6697,         0,    0.6031,    0.5367,    0.5927,    0.6008,    0.4084,    0.4103,    0.6843},
{    0.5518,    0.6190,    0.6031,         0,    0.4173,    0.2740,    0.6339,    0.6114,    0.6702,    0.6455},
{    0.5207,    0.4635,    0.5367,    0.4173,         0,    0.2510,    0.6610,    0.6935,    0.5180,    0.5362},
{    0.5909,    0.4047,    0.5927,    0.2740,    0.2510,         0,    0.6019,    0.6955,    0.6232,    0.3756},
{    0.3361,    0.4190,    0.6008,    0.6339,    0.6610,    0.6019,         0,    0.3205,    0.3279,    0.6165},
{    0.4897,    0.6899,    0.4084,    0.6114,    0.6935,    0.6955,    0.3205,         0,    0.4189,    0.7344},
{    0.2447,    0.3650,    0.4103,    0.6702,    0.5180,    0.6232,    0.3279,    0.4189,         0,    0.5595},
{    0.5720,    0.1552,    0.6843,    0.6455,    0.5362,    0.3756,    0.6165,    0.7344,    0.5595,         0},
            },
            new double[,] {
{    2.0000,    1.6472,    1.1513,    1.3142,    1.3662,    1.2437,    1.6267,    1.4148,    1.7372,    1.2786},
{    1.6472,    2.0000,    1.0689,    1.1876,    1.4541,    1.5370,    1.5174,    1.0103,    1.5898,    1.8381},
{    1.1513,    1.0689,    2.0000,    1.2199,    1.3398,    1.2402,    1.2244,    1.5320,    1.5293,    1.0276},
{    1.3142,    1.1876,    1.2199,    2.0000,    1.5197,    1.7027,    1.1555,    1.2033,    1.0675,    1.1291},
{    1.3662,    1.4541,    1.3398,    1.5197,    2.0000,    1.7299,    1.0916,    0.9989,    1.3706,    1.3407},
{    1.2437,    1.5370,    1.2402,    1.7027,    1.7299,    2.0000,    1.2223,    0.9923,    1.1787,    1.5758},
{    1.6267,    1.5174,    1.2244,    1.1555,    1.0916,    1.2223,    2.0000,    1.6461,    1.6369,    1.1928},
{    1.4148,    1.0103,    1.5320,    1.2033,    0.9989,    0.9923,    1.6461,    2.0000,    1.5176,    0.7806},
{    1.7372,    1.5898,    1.5293,    1.0675,    1.3706,    1.1787,    1.6369,    1.5176,    2.0000,    1.3009},
{    1.2786,    1.8381,    1.0276,    1.1291,    1.3407,    1.5758,    1.1928,    0.7806,    1.3009,    2.0000},
          }
          }
      );
      TestCovarianceFunction(new CovarianceSEiso(), 1,
         new double[,]
           {
{    6.8592,    6.7985,    7.2362,    6.8334,    7.1127,    6.7239,    6.9920,    7.1048,    6.9798,    7.1914},
{    6.9271,    7.0445,    7.0531,    6.8979,    7.0803,    6.7872,    7.0000,    7.1935,    7.0617,    7.1727},
{    7.1376,    7.1086,    7.2246,    7.0223,    6.8388,    7.1522,    7.2172,    6.9886,    7.1139,    7.2091},
{    7.1414,    6.8169,    7.1438,    7.0632,    6.6389,    6.8750,    7.2749,    7.2619,    7.2462,    7.1986},
{    7.2667,    6.8852,    7.1309,    7.2824,    6.5548,    6.6792,    7.1550,    7.3063,    7.2929,    7.2454},
{    7.2563,    7.0864,    7.0436,    7.2078,    6.6953,    6.8834,    7.2517,    7.3388,    7.3405,    7.2466},
{    6.9160,    7.1146,    7.0783,    6.8557,    7.2536,    6.8398,    6.9750,    6.9351,    6.9897,    7.1926},
{    6.9130,    6.9378,    7.1825,    6.8129,    7.0557,    6.9294,    7.0338,    6.8021,    6.9302,    7.1482},
{    6.9551,    7.0340,    7.2476,    6.9120,    7.1611,    6.8932,    7.0166,    7.0213,    6.9995,    7.2274},
{    6.8624,    7.0619,    6.9373,    6.7848,    6.9446,    6.9109,    7.0221,    7.1802,    7.0209,    7.0642},
           },
         new double[][,]
          {
            new double[,] {
{         0,    0.3781,    1.0250,    0.7934,    0.7239,    0.8910,    0.4018,    0.6606,    0.2764,    0.8421},
{    0.3781,         0,    1.1512,    0.9715,    0.6106,    0.5082,    0.5320,    1.2453,    0.4451,    0.1669},
{    1.0250,    1.1512,         0,    0.9248,    0.7589,    0.8960,    0.9183,    0.5143,    0.5175,    1.2171},
{    0.7934,    0.9715,    0.9248,         0,    0.5292,    0.3149,    1.0188,    0.9487,    1.1534,    1.0583},
{    0.7239,    0.6106,    0.7589,    0.5292,         0,    0.2845,    1.1157,    1.2640,    0.7182,    0.7577},
{    0.8910,    0.5082,    0.8960,    0.3149,    0.2845,         0,    0.9214,    1.2749,    0.9845,    0.4616},
{    0.4018,    0.5320,    0.9183,    1.0188,    1.1157,    0.9214,         0,    0.3793,    0.3899,    0.9638},
{    0.6606,    1.2453,    0.5143,    0.9487,    1.2640,    1.2749,    0.3793,         0,    0.5318,    1.6567},
{    0.2764,    0.4451,    0.5175,    1.1534,    0.7182,    0.9845,    0.3899,    0.5318,         0,    0.8116},
{    0.8421,    0.1669,    1.2171,    1.0583,    0.7577,    0.4616,    0.9638,    1.6567,    0.8116,         0},
            },
            new double[,] {
{   14.7781,   14.3950,   13.7138,   13.9618,   14.0352,   13.8578,   14.3707,   14.1018,   14.4990,   13.9100},
{   14.3950,   14.7781,   13.5767,   13.7715,   14.1542,   14.2607,   14.2360,   13.4735,   14.3260,   14.6102},
{   13.7138,   13.5767,   14.7781,   13.8217,   13.9982,   13.8525,   13.8286,   14.2545,   14.2511,   13.5045},
{   13.9618,   13.7715,   13.8217,   14.7781,   14.2390,   14.4598,   13.7206,   13.7960,   13.5743,   13.6778},
{   14.0352,   14.1542,   13.9982,   14.2390,   14.7781,   14.4908,   13.6154,   13.4528,   14.0413,   13.9995},
{   13.8578,   14.2607,   13.8525,   14.4598,   14.4908,   14.7781,   13.8254,   13.4407,   13.7576,   14.3090},
{   14.3707,   14.2360,   13.8286,   13.7206,   13.6154,   13.8254,   14.7781,   14.3938,   14.3828,   13.7798},
{   14.1018,   13.4735,   14.2545,   13.7960,   13.4528,   13.4407,   14.3938,   14.7781,   14.2363,   13.0113},
{   14.4990,   14.3260,   14.2511,   13.5743,   14.0413,   13.7576,   14.3828,   14.2363,   14.7781,   13.9425},
{   13.9100,   14.6102,   13.5045,   13.6778,   13.9995,   14.3090,   13.7798,   13.0113,   13.9425,   14.7781},
            },
          }
       );
    }

    [TestMethod]
    public void CovRQIsoTest() {
      TestCovarianceFunction(new CovarianceRQiso(), 0,
        new double[,]
          {
{    0.6452,    0.6190,    0.8662,    0.6338,    0.7802,    0.5893,    0.7102,    0.7753,    0.7037,    0.8331},
{    0.6771,    0.7392,    0.7442,    0.6630,    0.7603,    0.6144,    0.7145,    0.8346,    0.7492,    0.8200},
{    0.7963,    0.7777,    0.8574,    0.7266,    0.6362,    0.8060,    0.8519,    0.7084,    0.7810,    0.8459},
{    0.7988,    0.6268,    0.8004,    0.7500,    0.5583,    0.6524,    0.8968,    0.8864,    0.8739,    0.8382},
{    0.8902,    0.6571,    0.7919,    0.9030,    0.5304,    0.5727,    0.8079,    0.9232,    0.9117,    0.8733},
{    0.8819,    0.7639,    0.7387,    0.8449,    0.5785,    0.6563,    0.8783,    0.9519,    0.9535,    0.8742},
{    0.6716,    0.7814,    0.7590,    0.6437,    0.8797,    0.6366,    0.7012,    0.6810,    0.7090,    0.8339},
{    0.6702,    0.6823,    0.8268,    0.6250,    0.7456,    0.6782,    0.7331,    0.6205,    0.6786,    0.8033},
{    0.6910,    0.7332,    0.8750,    0.6697,    0.8119,    0.6608,    0.7235,    0.7261,    0.7142,    0.8595},
{    0.6467,    0.7493,    0.6821,    0.6133,    0.6857,    0.6692,    0.7265,    0.8252,    0.7259,    0.7506},
          },
        new double[][,]
          {
            new double[,] {
{         0,    0.2722,    0.4584,    0.4165,    0.3996,    0.4367,    0.2838,    0.3820,    0.2165,    0.4271},
{    0.2722,         0,    0.4736,    0.4505,    0.3666,    0.3300,    0.3391,    0.4823,    0.3037,    0.1436},
{    0.4584,    0.4736,         0,    0.4428,    0.4084,    0.4376,    0.4416,    0.3323,    0.3336,    0.4799},
{    0.4165,    0.4505,    0.4428,         0,    0.3381,    0.2388,    0.4575,    0.4468,    0.4739,    0.4629},
{    0.3996,    0.3666,    0.4084,    0.3381,         0,    0.2213,    0.4698,    0.4837,    0.3981,    0.4081},
{    0.4367,    0.3300,    0.4376,    0.2388,    0.2213,         0,    0.4422,    0.4845,    0.4525,    0.3109},
{    0.2838,    0.3391,    0.4416,    0.4575,    0.4698,    0.4422,         0,    0.2728,    0.2781,    0.4493},
{    0.3820,    0.4823,    0.3323,    0.4468,    0.4837,    0.4845,    0.2728,         0,    0.3390,    0.4995},
{    0.2165,    0.3037,    0.3336,    0.4739,    0.3981,    0.4525,    0.2781,    0.3390,         0,    0.4206},
{    0.4271,    0.1436,    0.4799,    0.4629,    0.4081,    0.3109,    0.4493,    0.4995,    0.4206,         0},
            },
            new double[,] {
{    2.0000,    1.6749,    1.2884,    1.4086,    1.4481,    1.3558,    1.6576,    1.4857,    1.7530,    1.3818},
{    1.6749,    2.0000,    1.2296,    1.3147,    1.5166,    1.5831,    1.5672,    1.1884,    1.6266,    1.8443},
{    1.2884,    1.2296,    2.0000,    1.3383,    1.4280,    1.3533,    1.3417,    1.5791,    1.5769,    1.2005},
{    1.4086,    1.3147,    1.3383,    2.0000,    1.5691,    1.7228,    1.2914,    1.3262,    1.2286,    1.2725},
{    1.4481,    1.5166,    1.4280,    1.5691,    2.0000,    1.7466,    1.2457,    1.1805,    1.4515,    1.4286},
{    1.3558,    1.5831,    1.3533,    1.7228,    1.7466,    2.0000,    1.3401,    1.1758,    1.3083,    1.6150},
{    1.6576,    1.5672,    1.3417,    1.2914,    1.2457,    1.3401,    2.0000,    1.6740,    1.6662,    1.3186},
{    1.4857,    1.1884,    1.5791,    1.3262,    1.1805,    1.1758,    1.6740,    2.0000,    1.5674,    1.0305},
{    1.7530,    1.6266,    1.5769,    1.2286,    1.4515,    1.3083,    1.6662,    1.5674,    2.0000,    1.3985},
{    1.3818,    1.8443,    1.2005,    1.2725,    1.4286,    1.6150,    1.3186,    1.0305,    1.3985,    2.0000},
          },
                      new double[,] {
{         0,   -0.0124,   -0.0541,   -0.0386,   -0.0340,   -0.0452,   -0.0137,   -0.0298,   -0.0073,   -0.0419},
{   -0.0124,         0,   -0.0623,   -0.0505,   -0.0265,   -0.0200,   -0.0215,   -0.0682,   -0.0162,   -0.0029},
{   -0.0541,   -0.0623,         0,   -0.0474,   -0.0363,   -0.0455,   -0.0470,   -0.0204,   -0.0206,   -0.0664},
{   -0.0386,   -0.0505,   -0.0474,         0,   -0.0213,   -0.0091,   -0.0537,   -0.0490,   -0.0624,   -0.0563},
{   -0.0340,   -0.0265,   -0.0363,   -0.0213,         0,   -0.0077,   -0.0600,   -0.0693,   -0.0336,   -0.0362},
{   -0.0452,   -0.0200,   -0.0455,   -0.0091,   -0.0077,         0,   -0.0472,   -0.0700,   -0.0514,   -0.0172},
{   -0.0137,   -0.0215,   -0.0470,   -0.0537,   -0.0600,   -0.0472,         0,   -0.0125,   -0.0131,   -0.0500},
{   -0.0298,   -0.0682,   -0.0204,   -0.0490,   -0.0693,   -0.0700,   -0.0125,         0,   -0.0215,   -0.0919},
{   -0.0073,   -0.0162,   -0.0206,   -0.0624,   -0.0336,   -0.0514,   -0.0131,   -0.0215,         0,   -0.0399},
{   -0.0419,   -0.0029,   -0.0664,   -0.0563,   -0.0362,   -0.0172,   -0.0500,   -0.0919,   -0.0399,         0},
          }
          }
      );
      TestCovarianceFunction(new CovarianceRQiso(), 1,
         new double[,]
           {
{    6.8660,    6.8070,    7.2367,    6.8409,    7.1145,    6.7347,    6.9959,    7.1068,    6.9839,    7.1923},
{    6.9324,    7.0474,    7.0559,    6.9038,    7.0827,    6.7961,    7.0038,    7.1944,    7.0644,    7.1739},
{    7.1392,    7.1106,    7.2253,    7.0255,    6.8461,    7.1536,    7.2179,    6.9926,    7.1158,    7.2099},
{    7.1429,    6.8249,    7.1453,    7.0658,    6.6525,    6.8816,    7.2752,    7.2623,    7.2467,    7.1995},
{    7.2671,    6.8913,    7.1326,    7.2827,    6.5716,    6.6915,    7.1564,    7.3065,    7.2931,    7.2459},
{    7.2567,    7.0886,    7.0466,    7.2086,    6.7069,    6.8897,    7.2522,    7.3388,    7.3405,    7.2471},
{    6.9215,    7.1164,    7.0807,    6.8626,    7.2540,    6.8471,    6.9792,    6.9401,    6.9937,    7.1935},
{    6.9185,    6.9428,    7.1836,    6.8210,    7.0584,    6.9346,    7.0369,    6.8105,    6.9354,    7.1496},
{    6.9598,    7.0372,    7.2481,    6.9176,    7.1623,    6.8992,    7.0200,    7.0247,    7.0033,    7.2280},
{    6.8692,    7.0646,    6.9424,    6.7937,    6.9495,    6.9165,    7.0254,    7.1813,    7.0242,    7.0668},
           },
         new double[][,]
          {
            new double[,] {
{         0,    0.3746,    0.9986,    0.7776,    0.7108,    0.8711,    0.3978,    0.6497,    0.2745,    0.8243},
{    0.3746,         0,    1.1178,    0.9478,    0.6013,    0.5017,    0.5249,    1.2062,    0.4401,    0.1662},
{    0.9986,    1.1178,         0,    0.9033,    0.7445,    0.8758,    0.8972,    0.5076,    0.5108,    1.1798},
{    0.7776,    0.9478,    0.9033,         0,    0.5222,    0.3124,    0.9927,    0.9261,    1.1199,    1.0301},
{    0.7108,    0.6013,    0.7445,    0.5222,         0,    0.2825,    1.0844,    1.2237,    0.7052,    0.7433},
{    0.8711,    0.5017,    0.8758,    0.3124,    0.2825,         0,    0.9000,    1.2339,    0.9601,    0.4563},
{    0.3978,    0.5249,    0.8972,    0.9927,    1.0844,    0.9000,         0,    0.3757,    0.3861,    0.9404},
{    0.6497,    1.2062,    0.5076,    0.9261,    1.2237,    1.2339,    0.3757,         0,    0.5247,    1.5872},
{    0.2745,    0.4401,    0.5108,    1.1199,    0.7052,    0.9601,    0.3861,    0.5247,         0,    0.7950},
{    0.8243,    0.1662,    1.1798,    1.0301,    0.7433,    0.4563,    0.9404,    1.5872,    0.7950,         0},
            },
            new double[,] {
{   14.7781,   14.3968,   13.7277,   13.9699,   14.0420,   13.8682,   14.3727,   14.1074,   14.5000,   13.9192},
{   14.3968,   14.7781,   13.5943,   13.7839,   14.1589,   14.2640,   14.2397,   13.4942,   14.3286,   14.6106},
{   13.7277,   13.5943,   14.7781,   13.8329,   14.0057,   13.8630,   13.8396,   14.2579,   14.2545,   13.5242},
{   13.9699,   13.7839,   13.8329,   14.7781,   14.2426,   14.4610,   13.7342,   13.8078,   13.5920,   13.6926},
{   14.0420,   14.1589,   14.0057,   14.2426,   14.7781,   14.4918,   13.6319,   13.4742,   14.0479,   14.0069},
{   13.8682,   14.2640,   13.8630,   14.4610,   14.4918,   14.7781,   13.8365,   13.4625,   13.7703,   14.3117},
{   14.3727,   14.2397,   13.8396,   13.7342,   13.6319,   13.8365,   14.7781,   14.3956,   14.3848,   13.7920},
{   14.1074,   13.4942,   14.2579,   13.8078,   13.4742,   13.4625,   14.3956,   14.7781,   14.2399,   13.0490},
{   14.5000,   14.3286,   14.2545,   13.5920,   14.0479,   13.7703,   14.3848,   14.2399,   14.7781,   13.9510},
{   13.9192,   14.6106,   13.5242,   13.6926,   14.0069,   14.3117,   13.7920,   13.0490,   13.9510,   14.7781},
            },
            new double[,] {
{         0,   -0.0009,   -0.0068,   -0.0040,   -0.0034,   -0.0051,   -0.0010,   -0.0028,   -0.0005,   -0.0046},
{   -0.0009,         0,   -0.0086,   -0.0061,   -0.0024,   -0.0016,   -0.0018,   -0.0101,   -0.0013,   -0.0002},
{   -0.0068,   -0.0086,         0,   -0.0055,   -0.0037,   -0.0052,   -0.0054,   -0.0017,   -0.0017,   -0.0097},
{   -0.0040,   -0.0061,   -0.0055,         0,   -0.0018,   -0.0006,   -0.0067,   -0.0058,   -0.0087,   -0.0073},
{   -0.0034,   -0.0024,   -0.0037,   -0.0018,         0,   -0.0005,   -0.0081,   -0.0105,   -0.0033,   -0.0037},
{   -0.0051,   -0.0016,   -0.0052,   -0.0006,   -0.0005,         0,   -0.0055,   -0.0106,   -0.0063,   -0.0013},
{   -0.0010,   -0.0018,   -0.0054,   -0.0067,   -0.0081,   -0.0055,         0,   -0.0009,   -0.0010,   -0.0060},
{   -0.0028,   -0.0101,   -0.0017,   -0.0058,   -0.0105,   -0.0106,   -0.0009,         0,   -0.0018,   -0.0183},
{   -0.0005,   -0.0013,   -0.0017,   -0.0087,   -0.0033,   -0.0063,   -0.0010,   -0.0018,         0,   -0.0042},
{   -0.0046,   -0.0002,   -0.0097,   -0.0073,   -0.0037,   -0.0013,   -0.0060,   -0.0183,   -0.0042,         0},
                           }
          }
       );
    }


    [TestMethod]
    public void CovLinearTest() {
      TestCovarianceFunction(new CovarianceLinear(), 0,
        new double[,]
          {
{    0.9089,    0.9972,    1.8813,    0.8618,    2.0021,    1.5168,    1.2612,    1.1009,    0.9505,    1.3851},
{    0.4654,    0.7436,    1.1758,    0.4150,    1.4523,    1.0699,    0.7535,    0.6763,    0.5205,    0.8497},
{    1.3720,    1.4959,    2.0386,    1.2323,    1.8810,    2.1422,    1.6645,    1.1482,    1.2602,    1.5724},
{    0.8471,    0.6576,    1.4266,    0.7465,    1.1331,    1.3214,    1.1946,    0.9028,    0.8676,    1.0329},
{    0.7965,    0.5520,    1.2342,    0.7932,    0.8598,    0.9288,    0.8927,    0.7687,    0.7359,    0.9016},
{    0.5306,    0.5096,    0.8879,    0.4618,    0.7612,    0.8960,    0.7367,    0.5462,    0.5287,    0.6475},
{    0.8779,    1.2411,    1.6264,    0.7940,    2.0552,    1.5512,    1.1513,    0.8304,    0.8692,    1.2945},
{    1.4220,    1.6026,    2.2818,    1.2951,    2.3982,    2.1948,    1.7607,    1.2346,    1.3533,    1.7961},
{    1.0930,    1.3304,    1.9745,    1.0278,    2.1338,    1.7821,    1.3686,    1.0951,    1.0529,    1.5035},
{    0.3406,    0.7064,    0.9980,    0.2373,    1.2538,    1.1479,    0.7212,    0.6072,    0.4222,    0.6815},
          },
        new double[][,]
          {            
          }
      );
    }

    [TestMethod]
    public void CovPeriodicTest() {
      TestCovarianceFunction(new CovariancePeriodic(), 0,
        new double[,]
          {
{    0.9548,    0.7965,    0.1438,    0.8971,    0.3692,    0.5608,    0.8367,    0.3951,    0.8773,    0.1881},
{    0.9894,    0.6290,    0.5931,    0.9987,    0.4838,    0.7608,    0.8078,    0.1852,    0.5579,    0.2184},
{    0.2962,    0.3824,    0.1517,    0.7208,    0.9105,    0.2604,    0.1580,    0.8483,    0.3653,    0.1660},
{    0.2864,    0.8521,    0.2806,    0.5519,    0.3502,    0.9797,    0.1364,    0.1354,    0.1391,    0.1784},
{    0.1354,    0.9908,    0.3145,    0.1389,    0.2266,    0.4391,    0.2541,    0.1592,    0.1452,    0.1394},
{    0.1362,    0.4609,    0.6325,    0.1675,    0.4801,    0.9891,    0.1372,    0.2435,    0.2512,    0.1389},
{    0.9975,    0.3630,    0.4916,    0.9481,    0.1367,    0.9130,    0.8921,    0.9800,    0.8445,    0.1864},
{    0.9988,    0.9762,    0.2016,    0.8402,    0.5823,    0.9870,    0.6736,    0.8076,    0.9861,    0.2698},
{    0.9440,    0.6724,    0.1385,    0.9991,    0.2411,    0.9966,    0.7439,    0.7247,    0.8095,    0.1496},
{    0.9605,    0.5569,    0.9769,    0.7531,    0.9651,    0.9994,    0.7216,    0.2054,    0.7264,    0.5478},
          },
        new double[][,]
          {      
            new double[,]
              {
{         0,    0.6171,    0.0967,    0.2357,    0.4461,    0.0247,    0.6403,    0.6107,    0.5464,    0.1081},
{    0.6171,         0,    0.4105,    0.0173,    0.6953,    0.7281,    0.7351,    0.6132,    0.6825,    0.5825},
{    0.0967,    0.4105,         0,    0.0012,    0.3397,    0.0195,    0.0034,    0.7305,    0.7317,    0.5618},
{    0.2357,    0.0173,    0.0012,         0,    0.7346,    0.5651,    0.0847,    0.0026,    0.4161,    0.1700},
{    0.4461,    0.6953,    0.3397,    0.7346,         0,    0.5493,    0.3178,    0.6422,    0.4630,    0.3434},
{    0.0247,    0.7281,    0.0195,    0.5651,    0.5493,         0,    0.0023,    0.6572,    0.0311,    0.6971},
{    0.6403,    0.7351,    0.0034,    0.0847,    0.3178,    0.0023,         0,    0.6182,    0.6285,    0.0109},
{    0.6107,    0.6132,    0.7305,    0.0026,    0.6422,    0.6572,    0.6182,         0,    0.7351,    0.6230},
{    0.5464,    0.6825,    0.7317,    0.4161,    0.4630,    0.0311,    0.6285,    0.7351,         0,    0.1843},
{    0.1081,    0.5825,    0.5618,    0.1700,    0.3434,    0.6971,    0.0109,    0.6230,    0.1843,         0},
              },
            new double[,]
              {
{         0,   -0.4917,    1.9759,   -2.5233,   -2.9038,   -0.9545,   -0.6223,   -2.7396,   -0.0884,   -1.8718},
{   -0.4917,         0,    3.6663,    0.8377,   -2.3760,   -1.4241,   -1.6437,    3.8424,   -0.9067,    0.2162},
{    1.9759,    3.6663,         0,   -0.2205,   -2.7933,   -0.8509,   -0.3646,   -1.4789,   -1.5087,    3.8738},
{   -2.5233,    0.8377,   -0.2205,         0,   -1.6172,   -0.2162,    1.8523,    0.3213,    3.6804,    2.5815},
{   -2.9038,   -2.3760,   -2.7933,   -1.6172,         0,   -0.1136,    3.3650,    3.7893,   -2.9070,   -2.7998},
{   -0.9545,   -1.4241,   -0.8509,   -0.2162,   -0.1136,         0,   -0.2974,    3.7478,    1.1265,   -1.0310},
{   -0.6223,   -1.6437,   -0.3646,    1.8523,    3.3650,   -0.2974,         0,   -0.4977,   -0.5548,    0.6640},
{   -2.7396,    3.8424,   -1.4789,    0.3213,    3.7893,    3.7478,   -0.4977,         0,   -1.6417,    1.1444},
{   -0.0884,   -0.9067,   -1.5087,    3.6804,   -2.9070,    1.1265,   -0.5548,   -1.6417,         0,   -2.3160},
{   -1.8718,    0.2162,    3.8738,    2.5815,   -2.7998,   -1.0310,    0.6640,    1.1444,   -2.3160,         0},
              },
            new double[,]
              {
{    2.0000,    0.3597,    1.9008,    1.7477,    1.4793,    1.9751,    0.3943,    1.2046,    0.2758,    1.8887},
{    0.3597,    2.0000,    1.5291,    1.9826,    0.9929,    0.6320,    0.7047,    1.1997,    0.4741,    0.3153},
{    1.9008,    1.5291,    2.0000,    1.9988,    1.6221,    1.9804,    1.9966,    0.6498,    0.6595,    1.2969},
{    1.7477,    1.9826,    1.9988,    2.0000,    0.6957,    0.2956,    1.9134,    1.9974,    1.5215,    1.8218},
{    1.4793,    0.9929,    1.6221,    0.6957,    2.0000,    0.2787,    1.6495,    1.1369,    1.4549,    1.6174},
{    1.9751,    0.6320,    1.9804,    0.2956,    0.2787,    2.0000,    1.9977,    1.1010,    1.9686,    0.5106},
{    0.3943,    0.7047,    1.9966,    1.9134,    1.6495,    1.9977,    2.0000,    0.3612,    0.3762,    1.9891},
{    1.2046,    1.1997,    0.6498,    1.9974,    1.1369,    1.1010,    0.3612,    2.0000,    0.7040,    0.3681},
{    0.2758,    0.4741,    0.6595,    1.5215,    1.4549,    1.9686,    0.3762,    0.7040,    2.0000,    1.8059},
{    1.8887,    0.3153,    1.2969,    1.8218,    1.6174,    0.5106,    1.9891,    0.3681,    1.8059,    2.0000},
              },
          }
      , 5e-3);
      TestCovarianceFunction(new CovariancePeriodic(), 1,
        new double[,]
          {
{    5.8283,    5.7618,    6.7049,    5.7980,    6.3126,    5.7012,    6.0358,    6.2917,    6.0128,    6.5482},
{    5.9230,    6.1447,    6.1643,    5.8794,    6.2291,    5.7511,    6.0513,    6.5551,    6.1842,    6.4880},
{    6.3822,    6.3018,    6.6628,    6.0966,    5.8040,    6.4250,    6.6362,    6.0294,    6.3159,    6.6082},
{    6.3932,    5.7803,    6.4000,    6.1876,    5.6577,    5.8483,    6.8550,    6.8032,    6.7423,    6.5723},
{    6.8221,    5.8618,    6.3630,    6.8860,    5.6385,    5.6752,    6.4334,    6.9877,    6.9298,    6.7393},
{    6.7811,    6.2441,    6.1428,    6.6035,    5.6837,    5.8594,    6.7636,    7.1358,    7.1438,    6.7439},
{    5.9060,    6.3179,    6.2241,    5.8240,    6.7709,    5.8052,    6.0040,    5.9357,    6.0315,    6.5522},
{    5.9014,    5.9400,    6.5193,    5.7761,    6.1703,    5.9266,    6.1211,    5.7652,    5.9278,    6.4131},
{    5.9689,    6.1217,    6.7479,    5.9000,    6.4518,    5.8729,    6.0847,    6.0946,    6.0504,    6.6728},
{    5.8322,    6.1847,    5.9393,    5.7489,    5.9512,    5.8983,    6.0962,    6.5118,    6.0937,    6.1900},
          },
        new double[][,]
          {            
            new double[,]
              {
{         0,    1.5463,    2.7702,    2.4754,    2.3601,    2.6154,    1.6170,    2.2426,    1.2120,    2.5484},
{    1.5463,         0,    2.8809,    2.7132,    2.1407,    1.9051,    1.9633,    2.9438,    1.7399,    0.7903},
{    2.7702,    2.8809,         0,    2.6583,    2.4199,    2.6219,    2.6503,    1.9201,    1.9281,    2.9266},
{    2.4754,    2.7132,    2.6583,         0,    1.9565,    1.3445,    2.7639,    2.6871,    2.8826,    2.8025},
{    2.3601,    2.1407,    2.4199,    1.9565,         0,    1.2406,    2.8530,    2.9544,    2.3499,    2.4179},
{    2.6154,    1.9051,    2.6219,    1.3445,    1.2406,         0,    2.6541,    2.9603,    2.7276,    1.7848},
{    1.6170,    1.9633,    2.6503,    2.7639,    2.8530,    2.6541,         0,    1.5498,    1.5819,    2.7045},
{    2.2426,    2.9438,    1.9201,    2.6871,    2.9544,    2.9603,    1.5498,         0,    1.9628,    3.0510},
{    1.2120,    1.7399,    1.9281,    2.8826,    2.3499,    2.7276,    1.5819,    1.9628,         0,    2.5033},
{    2.5484,    0.7903,    2.9266,    2.8025,    2.4179,    1.7848,    2.7045,    3.0510,    2.5033,         0},
              },
            new double[,]
              {
{         0,    1.2693,    1.2518,    1.4723,    1.4989,    1.4024,    1.3080,    1.5046,    1.0560,    1.4419},
{    1.2693,         0,    1.0599,    1.3190,    1.4956,    1.4360,    1.4550,    0.8895,    1.3688,    0.7299},
{    1.2518,    1.0599,         0,    1.3700,    1.4880,    1.3979,    1.3765,    1.4411,    1.4438,    0.9428},
{    1.4723,    1.3190,    1.3700,         0,    1.4529,    1.1461,    1.2600,    1.3448,    1.0562,    1.2056},
{    1.4989,    1.4956,    1.4880,    1.4529,         0,    1.0760,    1.1183,    0.8531,    1.5002,    1.4885},
{    1.4024,    1.4360,    1.3979,    1.1461,    1.0760,         0,    1.3735,    0.8314,    1.3035,    1.3888},
{    1.3080,    1.4550,    1.3765,    1.2600,    1.1183,    1.3735,         0,    1.2713,    1.2891,    1.3279},
{    1.5046,    0.8895,    1.4411,    1.3448,    0.8531,    0.8314,    1.2713,         0,    1.4549,   -0.0705},
{    1.0560,    1.3688,    1.4438,    1.0562,    1.5002,    1.3035,    1.2891,    1.4549,         0,    1.4621},
{    1.4419,    0.7299,    0.9428,    1.2056,    1.4885,    1.3888,    1.3279,   -0.0705,    1.4621,         0},
              },
            new double[,]
              {
{   14.7781,   13.1371,   11.6509,   12.0296,   12.1738,   11.8516,   13.0567,   12.3184,   13.5101,   11.9373},
{   13.1371,   14.7781,   11.5044,   11.7253,   12.4422,   12.7230,   12.6543,   11.4201,   12.9155,   13.9651},
{   11.6509,   11.5044,   14.7781,   11.7964,   12.0992,   11.8434,   11.8067,   12.7053,   12.6959,   11.4432},
{   12.0296,   11.7253,   11.7964,   14.7781,   12.6624,   13.3637,   11.6592,   11.7593,   11.5022,   11.6084},
{   12.1738,   12.4422,   12.0992,   12.6624,   14.7781,   13.4786,   11.5416,   11.4058,   12.1864,   12.1017},
{   11.8516,   12.7230,   11.8434,   13.3637,   13.4786,   14.7781,   11.8019,   11.3978,   11.7066,   12.8636},
{   13.0567,   12.6543,   11.8067,   11.6592,   11.5416,   11.8019,   14.7781,   13.1331,   13.0967,   11.7366},
{   12.3184,   11.4201,   12.7053,   11.7593,   11.4058,   11.3978,   13.1331,   14.7781,   12.6549,   11.2744},
{   13.5101,   12.9155,   12.6959,   11.5022,   12.1864,   11.7066,   13.0967,   12.6549,   14.7781,   11.9944},
{   11.9373,   13.9651,   11.4432,   11.6084,   12.1017,   12.8636,   11.7366,   11.2744,   11.9944,   14.7781},
              },
          }
      , 5e-3);
    }

    [TestMethod]
    public void CovSEardTest() {
      TestCovarianceFunction(new CovarianceSEard(), 0,
        new double[,]
          {
{    0.5771,    0.5404,    0.8569,    0.5612,    0.7545,    0.4980,    0.6649,    0.7484,    0.6564,    0.8184},
{    0.6206,    0.7027,    0.7091,    0.6015,    0.7295,    0.5338,    0.6705,    0.8202,    0.7155,    0.8029},
{    0.7743,    0.7513,    0.8468,    0.6865,    0.5645,    0.7861,    0.8404,    0.6625,    0.7555,    0.8335},
{    0.7773,    0.5513,    0.7792,    0.7166,    0.4534,    0.5870,    0.8913,    0.8796,    0.8656,    0.8245},
{    0.8839,    0.5934,    0.7689,    0.8982,    0.4126,    0.4741,    0.7883,    0.9201,    0.9077,    0.8649},
{    0.8746,    0.7341,    0.7020,    0.8323,    0.4826,    0.5922,    0.8706,    0.9508,    0.9524,    0.8660},
{    0.6133,    0.7560,    0.7280,    0.5749,    0.8722,    0.5651,    0.6530,    0.6260,    0.6633,    0.8195},
{    0.6113,    0.6277,    0.8110,    0.5489,    0.7110,    0.6221,    0.6948,    0.5425,    0.6227,    0.7828},
{    0.6394,    0.6950,    0.8669,    0.6107,    0.7933,    0.5985,    0.6823,    0.6858,    0.6702,    0.8492},
{    0.5790,    0.7156,    0.6274,    0.5324,    0.6323,    0.6100,    0.6863,    0.8091,    0.6855,    0.7173},

          },
        new double[][,]
          {      
            new double[,]
              {
{         0,    0.1113,    0.1356,    0.1828,    0.0037,    0.0032,    0.0052,    0.1649,    0.0020,    0.0599},
{    0.1113,         0,    0.3889,    0.4757,    0.1415,    0.1485,    0.0629,    0.3653,    0.0811,    0.0035},
{    0.1356,    0.3889,         0,    0.0011,    0.1136,    0.1060,    0.1954,    0.0000,    0.2176,    0.3219},
{    0.1828,    0.4757,    0.0011,         0,    0.1566,    0.1766,    0.2129,    0.0012,    0.1768,    0.3923},
{    0.0037,    0.1415,    0.1136,    0.1566,         0,    0.0000,    0.0128,    0.0836,    0.0101,    0.0966},
{    0.0032,    0.1485,    0.1060,    0.1766,    0.0000,         0,    0.0140,    0.0837,    0.0085,    0.1126},
{    0.0052,    0.0629,    0.1954,    0.2129,    0.0128,    0.0140,         0,    0.2603,    0.0008,    0.0306},
{    0.1649,    0.3653,    0.0000,    0.0012,    0.0836,    0.0837,    0.2603,         0,    0.2139,    0.2429},
{    0.0020,    0.0811,    0.2176,    0.1768,    0.0101,    0.0085,    0.0008,    0.2139,         0,    0.0433},
{    0.0599,    0.0035,    0.3219,    0.3923,    0.0966,    0.1126,    0.0306,    0.2429,    0.0433,         0},
              },
            new double[,]
              {
{         0,    0.1257,    0.1670,    0.0931,    0.3194,    0.2613,    0.0213,    0.0219,    0.0365,    0.3319},
{    0.1257,         0,    0.0117,    0.0001,    0.0625,    0.0510,    0.2315,    0.1621,    0.0274,    0.1000},
{    0.1670,    0.0117,         0,    0.0160,    0.0141,    0.0075,    0.3003,    0.3909,    0.0850,    0.0170},
{    0.0931,    0.0001,    0.0160,         0,    0.0718,    0.0629,    0.1673,    0.1835,    0.0157,    0.0668},
{    0.3194,    0.0625,    0.0141,    0.0718,         0,    0.0011,    0.3903,    0.3690,    0.1570,    0.0009},
{    0.2613,    0.0510,    0.0075,    0.0629,    0.0011,         0,    0.4011,    0.3369,    0.1158,    0.0041},
{    0.0213,    0.2315,    0.3003,    0.1673,    0.3903,    0.4011,         0,    0.0002,    0.1102,    0.4643},
{    0.0219,    0.1621,    0.3909,    0.1835,    0.3690,    0.3369,    0.0002,         0,    0.1101,    0.3135},
{    0.0365,    0.0274,    0.0850,    0.0157,    0.1570,    0.1158,    0.1102,    0.1101,         0,    0.1728},
{    0.3319,    0.1000,    0.0170,    0.0668,    0.0009,    0.0041,    0.4643,    0.3135,    0.1728,         0},
              },
            new double[,]
              {
{         0,    0.0115,    0.1979,    0.0316,    0.0251,    0.0027,    0.1396,    0.1747,    0.1481,    0.0299},
{    0.0115,         0,    0.1171,    0.0678,    0.0700,    0.0261,    0.0664,    0.0724,    0.0689,    0.0088},
{    0.1979,    0.1171,         0,    0.3960,    0.4057,    0.2638,    0.0181,    0.0061,    0.0230,    0.0705},
